14786217
1015601856406523904
1013838143932502016
975724039204409345
1002587928487395328
975191124062195713
970032005181247494
900072242171793408
883947126623006725
844808559019753472
818441435691253760
778785510839848964
734674850124550144
727188718231101440
705810202721980417
4894998057
3611548696
3545035997
3332454676
3064876438
2993908787
2852888786
2830356242
2826219030
2821081935
2820262990
2800304123
2777543633
2511512120
2510315359
2345330893
2272640742
1933297962
1907157894
1596123433
1588368452
1565181835
1536938744
1372641625
1360432832
1360417214
1343757576
1343645053
1327504387
1280342412
910917078
899998736
859444603
839543768
834974653
829026120
806626890
802070076
624447104
562723505
561126205
525191428
521366178
472856359
470333914
414266785
412101247
355447280
334765997
330861655
287180347
284066524
269978527
265276284
243232918
237742285
214430326
179956879
147417071
145935897
138360455
135187648
128861844
121068186
114457972
108315250
96735431
92113269
84176573
74447139
55641015
40955185
40682410
40001204
38848610
36924745
36670025
36355706
25387183
23754018
18295978
16301873
14786217
