13201312
14086764
14559745
14786217
16301873
16753821
17463923
18295978
19612468
22039274
23638544
23754018
25387183
27740227
27860681
31428685
34322435
36355706
36670025
36683668
36924745
38146999
38504139
38848610
39085195
40001204
40682410
40955185
44344179
47604914
47715331
48702842
54206317
55641015
59395632
65339733
74447139
84176573
87278028
92027622
92113269
95724216
96735431
108315250
114457972
114781928
121068186
122448174
123229481
128861844
135187648
137729537
138360455
144376833
145935897
147417071
151467226
161269393
164620984
164848719
179956879
193217262
205085943
214430326
236702602
237742285
238201160
243232918
265276284
269978527
274669058
278827204
281389691
284066524
287180347
289542265
294579109
307856242
330861655
334765997
343267635
343890284
353595458
355447280
370097778
398114261
412101247
414266785
439099481
470333914
472856359
479816451
496718517
517682688
521366178
525191428
526303221
533317016
540734980
546615473
561126205
561266861
562723505
593800653
615097296
624447104
742573782
802070076
806626890
829026120
834974653
839543768
859444603
873023599
899998736
910917078
1034541391
1111627892
1269533798
1280342412
1327504387
1343645053
1343757576
1353881924
1360417214
1360432832
1372641625
1536938744
1565181835
1588368452
1596123433
1636039914
1907157894
1933297962
2174488542
2245193196
2272640742
2345330893
2346937478
2349163502
2409488466
2436005449
2446406341
2471222600
2510315359
2511512120
2589517116
2777543633
2793851703
2800304123
2820262990
2821081935
2826219030
2830356242
2851817656
2852888786
2993908787
3064876438
3180220366
3254274089
3310726420
3332454676
3428906843
3545035997
3588265461
3611548696
3883107058
4089638009
4286475675
4742428763
4774426707
4894998057
4898267325
705810202721980417
719890471447891968
727188718231101440
734674850124550144
767327629678612480
778785510839848964
782471260102127616
784817564845215744
790882642279460864
794475296237895680
803701763756986369
818441435691253760
821742983322202112
844808559019753472
852124773417185280
856605075933933569
860630697148637186
864940097531195392
883947126623006725
900072242171793408
908443655685492746
931261066033729538
955684235267969024
970032005181247494
974888341488521216
975191124062195713
975724039204409345
976030724590534656
998190050302222336
1002587928487395328
1011826338079047681
1013838143932502016
1015601856406523904
